# Experiment: figure_02_eve_position_map
# Rows are ordered by y first and x second; mesh cols = 11.
# Coordinates and distances are normalized by wavelength.
# One diffuse channel realization is fixed over the full map.
# Position dependence enters through LOS direction and path loss.
grid_row grid_col eve_x_lambda eve_y_lambda eve_z_lambda eve_distance_lambda eve_azimuth_deg eve_elevation_deg vulnerability_qpsk min_entropy_leakage_qpsk vulnerability_16qam min_entropy_leakage_16qam
0 0 -20 5 0 20.61552813 165.9637565 0 0.5144889254 1.041211928 0.2745550918 2.135167572
0 1 -16 5 0 16.76305461 162.6459754 0 0.5771789867 1.207090682 0.325038793 2.378683818
0 2 -12 5 0 13 157.3801351 0 0.6736734539 1.430121356 0.410410718 2.715140313
0 3 -8 5 0 9.433981132 147.9946168 0 0.7667764273 1.616877891 0.5340396595 3.09501879
0 4 -4 5 0 6.403124237 128.6598083 0 0.9135464291 1.869549958 0.7462980996 3.577823918
0 5 0 5 0 5 90 0 0.9362884226 1.905024924 0.8138366248 3.702811112
0 6 4 5 0 6.403124237 51.34019175 0 0.7921949223 1.663927359 0.5769784456 3.20658933
0 7 8 5 0 9.433981132 32.00538321 0 0.7426682102 1.57078973 0.4837695312 2.952391813
0 8 12 5 0 13 22.61986495 0 0.6136524175 1.295493627 0.37317369 2.57791918
0 9 16 5 0 16.76305461 17.35402464 0 0.5098503388 1.028145727 0.2928594212 2.228280211
0 10 20 5 0 20.61552813 14.03624347 0 0.4583422708 0.87449725 0.2547993398 2.027433445
1 0 -20 9 0 21.9317122 155.7722547 0 0.5254708155 1.071682545 0.2788019412 2.157312511
1 1 -16 9 0 18.35755975 150.6422465 0 0.580749821 1.21598871 0.3278666569 2.391181096
1 2 -12 9 0 15 143.1301024 0 0.6871625428 1.458723303 0.4102482815 2.714569196
1 3 -8 9 0 12.04159458 131.6335393 0 0.8200361914 1.713759488 0.5484702164 3.133485185
1 4 -4 9 0 9.848857802 113.962489 0 0.9973807784 1.996216305 0.7665107505 3.616377931
1 5 0 9 0 9 90 0 0.8507871297 1.766870114 0.6702414965 3.422752916
1 6 4 9 0 9.848857802 66.03751103 0 0.5855072802 1.227759015 0.3973075474 2.668328105
1 7 8 9 0 12.04159458 48.36646066 0 0.5635505197 1.172616852 0.3606660049 2.528735351
1 8 12 9 0 15 36.86989765 0 0.535475127 1.098891468 0.3155317123 2.335856915
1 9 16 9 0 18.35755975 29.35775354 0 0.5172136683 1.048832306 0.2945412881 2.236541787
1 10 20 9 0 21.9317122 24.22774532 0 0.4461327111 0.8355448375 0.2461160201 1.977410473
2 0 -20 13 0 23.85372088 146.9761324 0 0.5557217113 1.152434511 0.2878535429 2.203406874
2 1 -16 13 0 20.61552813 140.9061411 0 0.642036459 1.36072713 0.3428459335 2.455632316
2 2 -12 13 0 17.69180601 132.70939 0 0.7319165611 1.549751095 0.4276018954 2.774340153
2 3 -8 13 0 15.26433752 121.6075022 0 0.8187262656 1.711453084 0.5475990302 3.131191797
2 4 -4 13 0 13.60147051 107.102729 0 0.9989329318 1.998459724 0.7541292904 3.59288379
2 5 0 13 0 13 90 0 0.817594774 1.70945788 0.5717218961 3.19338545
2 6 4 13 0 13.60147051 72.89727103 0 0.5168029058 1.047686087 0.3271482047 2.388016259
2 7 8 13 0 15.26433752 58.39249775 0 0.4712805285 0.914657981 0.2692077532 2.106791865
2 8 12 13 0 17.69180601 47.29061004 0 0.4581594972 0.8739218304 0.2664879144 2.092142011
2 9 16 13 0 20.61552813 39.09385889 0 0.4334989737 0.7941004829 0.2367520065 1.921448558
2 10 20 13 0 23.85372088 33.02386756 0 0.437522975 0.8074306822 0.2364291051 1.919479552
3 0 -20 17 0 26.2488095 139.6354634 0 0.60366179 1.271812391 0.2954646208 2.241057296
3 1 -16 17 0 23.34523506 133.2642954 0 0.6652346255 1.411935168 0.3527614819 2.496764947
3 2 -12 17 0 20.80865205 125.217593 0 0.711256002 1.508440827 0.4235865427 2.760728661
3 3 -8 17 0 18.78829423 115.2011236 0 0.9273045235 1.891115098 0.5289712733 3.081261282
3 4 -4 17 0 17.4642492 103.2405199 0 0.9956680025 1.993736673 0.6974768047 3.480217145
3 5 0 17 0 17 90 0 0.801857955 1.681418598 0.4896035106 2.969685808
3 6 4 17 0 17.4642492 76.75948008 0 0.5317681447 1.088869261 0.3001384901 2.263700249
3 7 8 17 0 18.78829423 64.79887635 0 0.4237829587 0.7613974798 0.2297572676 1.878182402
3 8 12 17 0 20.80865205 54.78240703 0 0.3816773765 0.6104255801 0.1994662578 1.674216623
3 9 16 17 0 23.34523506 46.73570459 0 0.4028591122 0.6883472932 0.2167166529 1.793881922
3 10 20 17 0 26.2488095 40.36453657 0 0.4005296515 0.6799809555 0.201713437 1.690379096
4 0 -20 21 0 29 133.602819 0 0.6105014919 1.288066726 0.2988817748 2.257646832
4 1 -16 21 0 26.40075756 127.3039483 0 0.6507583549 1.380193834 0.3465459477 2.471118554
4 2 -12 21 0 24.18677324 119.7448813 0 0.7816737623 1.644638518 0.412515699 2.72252093
4 3 -8 21 0 22.47220505 110.854458 0 0.948496468 1.923714306 0.509511311 3.027186079
4 4 -4 21 0 21.37755833 100.7842979 0 0.9794982215 1.970114778 0.5882577034 3.234520213
4 5 0 21 0 21 90 0 0.785024277 1.650809175 0.4232237087 2.759492354
4 6 4 21 0 21.37755833 79.21570213 0 0.5563724304 1.154122838 0.2841249582 2.184597472
4 7 8 21 0 22.47220505 69.14554196 0 0.4353558773 0.8002671049 0.2170587389 1.796157412
4 8 12 21 0 24.18677324 60.2551187 0 0.3787217367 0.5992101322 0.1838403486 1.556525344
4 9 16 21 0 26.40075756 52.69605172 0 0.3530963214 0.4981336963 0.1685286956 1.431066167
4 10 20 21 0 29 46.39718103 0 0.3794758216 0.6020798721 0.1866970905 1.57877135
5 0 -20 25 0 32.01562119 128.6598083 0 0.6081758202 1.282560364 0.2930662169 2.229298577
5 1 -16 25 0 29.68164416 122.6192431 0 0.691121789 1.467011869 0.3374965 2.432944446
5 2 -12 25 0 27.73084925 115.6410058 0 0.8354992385 1.740710418 0.3948852176 2.659505267
5 3 -8 25 0 26.2488095 107.7446716 0 0.9426617031 1.914812023 0.4924102506 2.9779327
5 4 -4 25 0 25.3179778 99.09027692 0 0.9442268942 1.917205481 0.4955739111 2.987172145
5 5 0 25 0 25 90 0 0.7642813648 1.612175759 0.3717405384 2.572367928
5 6 4 25 0 25.3179778 80.90972308 0 0.5716172432 1.193121342 0.267639886 2.09836504
5 7 8 25 0 26.2488095 72.25532837 0 0.4512277543 0.8519277134 0.2087446415 1.739811069
5 8 12 25 0 27.73084925 64.35899418 0 0.3877146563 0.6330671776 0.176626205 1.498771309
5 9 16 25 0 29.68164416 57.38075693 0 0.3493027767 0.4825500163 0.1567146852 1.326212282
5 10 20 25 0 32.01562119 51.34019175 0 0.3454963308 0.4667422943 0.156062801 1.320198603
6 0 -20 29 0 35.22782991 124.5922887 0 0.6349170788 1.344640091 0.2855100647 2.191613509
6 1 -16 29 0 33.12099032 118.8865818 0 0.7338914368 1.553638569 0.3241704845 2.374824645
6 2 -12 29 0 31.38470965 112.4794344 0 0.8544280283 1.773030878 0.3798330143 2.603437212
6 3 -8 29 0 30.08321791 105.4221613 0 0.9214815881 1.882027245 0.4530701257 2.857806271
6 4 -4 29 0 29.27456234 97.8533133 0 0.897609865 1.844160437 0.4227682399 2.757938905
6 5 0 29 0 29 90 0 0.7404416409 1.566457937 0.3296489092 2.399002213
6 6 4 29 0 29.27456234 82.1466867 0 0.5775983088 1.208138423 0.2517928302 2.010309108
6 7 8 29 0 30.08321791 74.57783868 0 0.4655045611 0.8968672088 0.2006218028 1.682550306
6 8 12 29 0 31.38470965 67.5205656 0 0.3987198558 0.6734473567 0.1712071015 1.453814449
6 9 16 29 0 33.12099032 61.11341823 0 0.3572247735 0.5149040398 0.152313179 1.285112683
6 10 20 29 0 35.22782991 55.40771131 0 0.3306245225 0.4032656386 0.1400538995 1.164054057
7 0 -20 33 0 38.58756276 121.2184028 0 0.6625463417 1.406093272 0.2757024804 2.141184152
7 1 -16 33 0 36.67424164 115.8663568 0 0.7603419786 1.60472035 0.3118565843 2.318954624
7 2 -12 33 0 35.11409973 109.9831065 0 0.8499261096 1.765409328 0.366895957 2.553442912
7 3 -8 33 0 33.95585369 103.6269949 0 0.8887998387 1.82993046 0.4069406356 2.702890255
7 4 -4 33 0 33.24154028 96.91122712 0 0.848659095 1.763257047 0.368534534 2.55987172
7 5 0 33 0 33 90 0 0.7150365143 1.516088822 0.2972752119 2.249871075
7 6 4 33 0 33.24154028 83.08877288 0 0.5774284662 1.207714137 0.235943196 1.916511473
7 7 8 33 0 33.95585369 76.37300514 0 0.4761403687 0.9294588556 0.1935053282 1.630445197
7 8 12 33 0 35.11409973 70.01689348 0 0.409216759 0.7109371354 0.1661847659 1.410860042
7 9 16 33 0 36.67424164 64.13364321 0 0.3658343399 0.5492624086 0.148389389 1.247459836
7 10 20 33 0 38.58756276 58.78159724 0 0.3360805387 0.4268789085 0.1359343219 1.120981672
8 0 -20 37 0 42.05948169 118.3930194 0 0.6840964279 1.452271602 0.266633561 2.092930288
8 1 -16 37 0 40.31128874 113.3852211 0 0.7678105644 1.618822316 0.3030230373 2.277499384
8 2 -12 37 0 38.89730068 107.9691397 0 0.8314649645 1.733727379 0.3484627652 2.479076411
8 3 -8 37 0 37.85498646 102.2004687 0 0.8494722032 1.764638645 0.3633024336 2.539242935
8 4 -4 37 0 37.21558813 96.1701751 0 0.8020201386 1.681710368 0.3264539877 2.38495157
8 5 0 37 0 37 90 0 0.6895237213 1.46367209 0.2711296988 2.117055056
8 6 4 37 0 37.21558813 83.8298249 0 0.5731487235 1.19698145 0.2221914723 1.829875352
8 7 8 37 0 37.85498646 77.79953127 0 0.4827775695 0.9494305532 0.1861436006 1.574487924
8 8 12 37 0 38.89730068 72.03086026 0 0.4180303557 0.7416796139 0.1614787862 1.369416553
8 9 16 37 0 40.31128874 66.61477894 0 0.3740731484 0.5813923157 0.1446436359 1.210574754
8 10 20 37 0 42.05948169 61.60698058 0 0.3431670172 0.4569828028 0.1327382519 1.086656085
9 0 -20 41 0 45.61797891 116.0033458 0 0.6950030411 1.475091196 0.2591916641 2.052091225
9 1 -16 41 0 44.01136217 111.3179123 0 0.7616111041 1.607126418 0.29437293 2.235716915
9 2 -12 41 0 42.72001873 106.3138524 0 0.8049434687 1.686959371 0.3258234107 2.382162172
9 3 -8 41 0 41.77319715 101.0409402 0 0.8082145281 1.69281019 0.3265831256 2.385522155
9 4 -4 41 0 41.19465985 95.5721978 0 0.7593868076 1.602906841 0.2938153146 2.232981501
9 5 0 41 0 41 90 0 0.6650937369 1.41162959 0.2494293679 1.996703244
9 6 4 41 0 41.19465985 84.4278022 0 0.566171194 1.179310254 0.2098016745 1.747098097
9 7 8 41 0 41.77319715 78.95905982 0 0.4857241666 0.9582091728 0.1792209999 1.519811598
9 8 12 41 0 42.72001873 73.68614757 0 0.4248221905 0.7649310319 0.1568567535 1.327519551
9 9 16 41 0 44.01136217 68.68208772 0 0.3813194862 0.6090721626 0.1411893515 1.175703189
9 10 20 41 0 45.61797891 63.99665416 0 0.3498999455 0.4850143451 0.1298489033 1.054905735
10 0 -20 45 0 49.24428901 113.962489 0 0.6958156225 1.476776976 0.2538401601 2.021992242
10 1 -16 45 0 47.75981575 109.5731258 0 0.7466467292 1.578497708 0.2829097277 2.178413689
10 2 -12 45 0 46.57252409 104.9314172 0 0.7745216044 1.631377387 0.302447241 2.274755405
10 3 -8 45 0 45.70557953 100.080598 0 0.768064848 1.619300028 0.295959586 2.243472091
10 4 -4 45 0 45.17742799 95.07960786 0 0.7211328633 1.528336995 0.2680398735 2.100519536
10 5 0 45 0 45 90 0 0.6417679147 1.360123569 0.2317187482 1.890446681
10 6 4 45 0 45.17742799 84.92039214 0 0.557322668 1.156584738 0.1988132465 1.669485789
10 7 8 45 0 45.70557953 79.91940201 0 0.4859538884 0.9588913297 0.1728713786 1.467770935
10 8 12 45 0 46.57252409 75.06858282 0 0.4295357441 0.7808500963 0.1527068428 1.288836616
10 9 16 45 0 47.75981575 70.42687417 0 0.3872128943 0.6311989006 0.1379300502 1.14200871
10 10 20 45 0 49.24428901 66.03751103 0 0.35576573 0.5089994511 0.1271406536 1.024497315
